1111111111111111111111111111111111111111111111111111111111111111
1111111111111111111111111111111111111111111111111111111111111111
1111111111111111111111111111111111111111111111111111111111111111
1111111111111111111111111111111111111111111111111111111111111111
1111111111111111111111111111111111111111111111111111111111111111
1111111111111111111111111111111111111111111111111111111111111111
1111111111111111111111111111111111111111111111111111111111111111
1111111111111911111111111111111111111111111111111911111111111111
1111111111111111111111111111111111111111111111111111111111111111
1111111111111119111111111111111111111111111111111111111111111111
1111111111111111911111111911111111111911111111911111111111111111
1111111111111111111199999999999999999999999111111111111111111111
1111111111111111111191119111111111111191119111111111111111111111
1111111111111111111191119111111111111191119111111111111111111111
1111111111111111111991919111111111111199919111111111111111111111
1111111111111111191991999919999999999991919919111111111111111111
1111111111111111111111111111111111111111111111111111111111111111
1111111111111111199991919999111111191191111111111111111111111111
1111111111111111199999999999911111911119991111111111111111111111
1111111111111111111119999911111119111111199911111111111111111111
1111111111111111111199111991111111111911111999111111111111111111
1111111111111111111191111199111111911901111111111111111111111111
1111111111111111111911111191111111991199111111111111111111111111
1111111111111111111191111199111111191119911111111111111111111111
1111111111111111111191111991111111191111991111111111111111111111
1111111111111111111119999911111111119111119111111111111111111111
1111111111111111111111111111111111119111111911111111111111111111
1111111111111111111111111111111911111911111111111111111111111111
1111111111111111111111111111111111111111111111111111111111111111
1111111111111111111111111111111111111111111111111111111111111111
1111111111111111111111111111111111111111111111111111111111111111
1111111111111111111111111111111111111111111111111111111111111111
1111111111111111111111111111199999991111111111111111111111111111
1111111111111111111111111119991119991111111111111111111111111111
1111111111111111111111111111111111191111111111111111111111111111
1111111111111111111111111119111111911111111111111111111111111111
1111111111111111191111111111991119911111111119111111111111111111
1111111111111111111911111111909990911111111191111111111111111111
1111111111111111111119111911191191191111111111111111111111111111
1111111111111111111111111111191191119111111111111111111111111111
1111111111111111111111199111119911111111111111111111111111111111
1111111119111111111111111991191911111111111111111111111111111111
1111111119911111111111111199111111191111111111111111991111111111
1111111119111111111111111111991919111111111111111119191111111111
1111111119111911111111111111191911111111111111111911191111111111
1111111111911111111111111111111111111111111111199111991111111111
1111111919911111111111111111111111111111111119911111199991111111
1111111991111111199911111111111111111111111999911111111911111111
1111111199111119111991111111111111111111119911119111199111111111
1111111111911191111111111111111111111119991111111111911111111111
1111111111119111111111111111111111191111111111111191111111111111
1111111111119111199999911111111111111111119999911191111111111111
1111111111111911119199111199999999199119999911111911111111111111
1111111111111111111111111111919911119119911111191111111111111111
1111111111111111119991111111111111111111111111111111111111111111
1111111111111111111119999111111111111119911111111111111111111111
1111111111111111111111111119999119991111111111111111111111111111
1111111111111111111111111111111111111111111111111111111111111111
1111111111111111111111111111111111111111111111111111111111111111
1111111111111111111111111111111111111111111111111111111111111111
1111111111111111111111111111111111111111111111111111111111111111
1111111111111111111111111111111111111111111111111111111111111111
1111111111111111111111111111111111111111111111111111111111111111
1111111111111111111111111111111111111111111111111111111111111111
